index,hot,title,href
1,,AI 画饼，马斯克不如库克,https://www.36kr.com/p/2759809443658500
2,,这个五一，我在日本代购LV，3小时赚回机票钱,https://www.36kr.com/p/2760046011268097
3,,市值超资生堂，又一千亿美妆巨头诞生,https://www.36kr.com/p/2760235200723972
4,,从这 4 本心理学书籍开始你的心灵疗愈之旅,https://www.36kr.com/p/2431179845882245
5,,单身同居的女人们：搭伙过日子，为什么非要找对象,https://www.36kr.com/p/2759500642220808
6,,过度旅游，正在击穿日本旅游业,https://www.36kr.com/p/2759538032196616
7,,谁正在取代谷爱凌？,https://www.36kr.com/p/2759863641668615
8,,大减价“促销”一个月后，高端健身房Space轰然倒闭,https://www.36kr.com/p/2760146511903753
