index,hot,title,href
1,9226,《嘞个怕是有点疼哦》,http://www.acfun.cn/v/ac43359131
2,1.7万,你真的没感觉吗 宝宝,http://www.acfun.cn/v/ac43360474
3,4610,自制零食贩卖车,http://www.acfun.cn/v/ac43367627
4,3475,社会化抚养是否真的太理想化了？,http://www.acfun.cn/v/ac43361282
5,4574,荧 妹 绝 杀 时 刻,http://www.acfun.cn/v/ac43359861
6,4169,《Where Is the Love？》,http://www.acfun.cn/v/ac43367549
7,2.2万,现在的大学生身材都这么卷了吗？★手机竖屏1012★,http://www.acfun.cn/v/ac43359256
8,2842,我想保护的就只有主人一个人☆魔法少女与巧克力★魔法少女とチ,http://www.acfun.cn/v/ac43360171
9,2359,真的不怕冷？超甜白丝旗袍【芒种】,http://www.acfun.cn/v/ac43367561
10,1.3万,★求投五蕉★网络上常见的热门短视频集锦 第一千五百六十五期,http://www.acfun.cn/v/ac43363866
11,2175,重现万年以前的军团荣光！天使们的宿命之战！【达奇】战锤40K故事,http://www.acfun.cn/v/ac43362515
12,3019,三十年身高倒退，日本人为什么越来越矮了？,http://www.acfun.cn/v/ac43365227
13,5130,少妇跳舞少年狂！欢乐八点档-782,http://www.acfun.cn/v/ac43366424
14,2326,哈！这搞笑视频出第二期了！【茗魂独家】,http://www.acfun.cn/v/ac43365402
15,4255,好姐妹天天秀#91【二人转】,http://www.acfun.cn/v/ac43358610
16,2157,阅 片 无 数,http://www.acfun.cn/v/ac43235596
17,1832,炸和牛蛋包饭，是对降温后的尊重,http://www.acfun.cn/v/ac43365468
18,4341,我如何形容我喜欢的音乐【今天有什么好笑的 #1414】,http://www.acfun.cn/v/ac43365809
19,1788,真·美 丽 冻 人！Nxde ♡ 久违的性感撩人御姐风～,http://www.acfun.cn/v/ac43360370
20,1874,可以做个小公主吗 ️ 勾指起誓,http://www.acfun.cn/v/ac43366794
21,1816,当年很火的80、90后经典深情伤感情歌,http://www.acfun.cn/v/ac43364755
22,1428,【年跃龙门】长夜【我好喜欢这首歌啊】,http://www.acfun.cn/v/ac43368092
23,2731,好姐妹天天秀#90【毒奶】#关注达菲sensei#,http://www.acfun.cn/v/ac43358420
24,1636,【菲】达菲老师减肥史,http://www.acfun.cn/v/ac43367685
25,1568,兔兔，出击！《pop》全身竖屏,http://www.acfun.cn/v/ac43367254
26,2059,不到30万，2.8秒破百，比特斯拉好开？,http://www.acfun.cn/v/ac43365174
27,1795,今日份搞笑沙雕弹弹乐视频 #1042【求弹幕回复】,http://www.acfun.cn/v/ac43365189
28,812,【东方】VAMPIRE KNIGHT【ちょこふぁん PV】,http://www.acfun.cn/v/ac43365236
29,1106,【福光阅影】苏联版福尔摩斯与华生戏外的友情圣礼,http://www.acfun.cn/v/ac43368422
30,1763,和你上铺的兄弟谈个恋爱，来不？,http://www.acfun.cn/v/ac43366053
