index,hot,title,href
1,周臻,院士称要提防新能源车企被外资大规模购买，有这种可能吗？购买了会怎样？,https://new.qq.com/rain/a/20240302Q014J700
2,周臻,苹果、奔驰接连放弃电动车，当初都要压上全部开发，现在为何全都不搞了？,https://new.qq.com/rain/a/20240303Q02MTS00
3,大白猫的赚钱笔记,美F-35战机被曝已在乌克兰参战，F-35可能做了什么？俄军有办法击落吗？,https://new.qq.com/rain/a/20240303Q03UEI00
4,杨华评论,中国留学生参加比赛被打成植物人，作为普通人或者业余选手参加格斗比赛应该注意什么？,https://new.qq.com/rain/a/20240302Q01NJP00
5,冯律师法,山东德州一男子驾车冲撞行人致2死6伤，目前已被抓获，他将承担什么责任？,https://new.qq.com/rain/a/20240301Q08NOG00
6,奶爸老钱聊带娃,张雪峰称英语考试中口语应占120分，有道理吗？会说与能读写哪个更重要？,https://new.qq.com/rain/a/20240302Q01S8400
7,神斗斗????,快递不得擅自放驿站新规实施，你的快递变慢了吗？你愿为快递上门加钱吗？,https://new.qq.com/rain/a/20240302Q06WMM00
8,鱼缸里的假山,山西庞泉沟首次发现秃鹫群，秃鹫不都是生活在高原上吗？为何来到了山西？,https://new.qq.com/rain/a/20240302Q07BJ800
9,常洛闻,韩国要求未服兵役的医生若辞职须立刻入伍，这有威慑力吗？服兵役很可怕？,https://new.qq.com/rain/a/20240301Q08IBG00
10,东域记,美国首次向加沙空投食品援助，为何会被骂“作秀”？为何没投水和医疗用品？,https://new.qq.com/rain/a/20240303Q04ZK900
11,挨踢小编,詹姆斯生涯总分破4万，难度等同于其他领域什么水平？相当于国足拿世界杯冠军？,https://new.qq.com/rain/a/20240303Q03LU000
12,之乎者也小鱼儿,横琴3月1日起封关运行，“封关”是什么意思？盛传已久的海南封关还远吗？,https://new.qq.com/rain/a/20240302Q04A2900
13,罗说NBA,詹姆斯职业生涯总分破4万，是人类篮球史上第一人吗？生涯最终会砍下多少分？,https://new.qq.com/rain/a/20240303Q04P6700
14,醉卧浮生,CBA全明星赛被曝首日仅900名观众，票房惨淡热度暴跌，为何今年没人看了？,https://new.qq.com/rain/a/20240303Q02WLE00
15,不知秋,家长要求孩子不上早课睡到自然醒，现在孩子上学有多早？早课效率就高吗？,https://new.qq.com/rain/a/20240302Q01Q0V00
16,刀疤淇,政协委员建议取消强制自动续费，你有被莫名其妙扣费的经历吗？怎么维权？,https://new.qq.com/rain/a/20240303Q08P3G00
