index,hot,title,href
1,,1910年-英国护士南丁格尔逝世,https://baike.so.com/doc/5367278.html?sid=5603035
2,,0604年-隋文帝杨坚逝世,https://baike.so.com/doc/5398796.html?sid=5636233
3,,1946年-多产作家H.G.威尔斯逝世,https://baike.so.com/doc/5283204.html
4,,1948年-京剧名角金少山因病逝世,https://baike.so.com/doc/5654430.html
5,,1899年-英国著名电影导演希区柯克诞辰,https://baike.so.com/doc/2805617.html
6,,1937年-“八一三”事变爆发,https://baike.so.com/doc/3471191.html
7,,1926年-古巴革命领导人卡斯特罗出生,https://baike.so.com/doc/5906755.html
8,,1961年-“柏林墙”开始建造,https://baike.so.com/doc/2646112.html?sid=2794184
9,,1912年-法国医生发现癌细胞,https://baike.so.com/doc/5908972.html
10,,1945年-越南八月革命,https://baike.so.com/doc/6395369.html
11,,1937年-“八一三事变”图片集,https://baike.so.com/doc/3471191.html
12,,1997年-空客Ａ330―200客机首次试飞成功,https://baike.so.com/doc/5581269.html
