index,hot,title,href
1,,2024年大家都在用的国内外好用进销存管理系统盘点！,https://sspai.com/post/91707
2,,移动应用创新赛开赛，今年都有哪些新看点,https://sspai.com/post/91683
3,,App+1 | 用 AI 选出好照片：基于 Aftershot 和 Lightroom 的人像摄影工作流,https://sspai.com/post/91608
4,,打工人电脑必装的8个办公软件，瞬间提高你的生产力！,https://sspai.com/post/91666
5,,10个打工人相见恨晚的效率工具，亲测有效！,https://sspai.com/post/91635
6,,派评 | 近期值得关注的 App,https://sspai.com/post/91620
7,,速览！2024年6款适合零售业的项目管理系统推荐,https://sspai.com/post/91609
8,,建议收藏：国内外10款热门进销存软件推荐！,https://sspai.com/post/91520
9,,2024年最受欢迎的10款CRM系统全解析！,https://sspai.com/post/91497
10,,选购指南：适合销售人员使用的6款CRM软件！,https://sspai.com/post/91475
11,,原来我的Windows这么不一样,https://sspai.com/post/91446
12,,2024年国内OA系统五大排名！,https://sspai.com/post/91432
13,,派评 | 近期值得关注的 App,https://sspai.com/post/91399
14,,项目管理工具评测：2024年国内外优秀的7款项目管理软件排行,https://sspai.com/post/91393
15,,Mac 版虽迟但到：老牌阅读器 Unread 推出 4.0 大更新,https://sspai.com/post/91186
16,,2024年必备项目管理工具推荐：这6款软件你不能错过！,https://sspai.com/post/91302
17,,2024最新盘点！10款项目管理系统介绍，最合适你的是哪个？,https://sspai.com/post/91259
18,,13款国产高端ERP软件大盘点，不收藏就亏了！,https://sspai.com/post/91213
19,,派评 | 近期值得关注的 App,https://sspai.com/post/91173
20,,2024最新盘点：适合中小企业的六款高性价比MES系统,https://sspai.com/post/91108
21,,2024 年，如何优雅地使用 Windows PC,https://sspai.com/post/90272
22,,全网热度最高的10款进销存软件，你们公司在用哪个？,https://sspai.com/post/91085
23,,全网最全！10款国内外项目管理系统测评，优缺点一目了然！,https://sspai.com/post/91036
24,,PicSeed - 收集散落的灵感、让你的收藏更有价值,https://sspai.com/post/90854
25,,最新盘点！国内外10款超热门的CRM系统对比！,https://sspai.com/post/90994
26,,2024年最热门的10款仓库管理系统大盘点！,https://sspai.com/post/90993
27,,必看！10款仓库管理系统（WMS）对比，你该用哪个？,https://sspai.com/post/90964
28,,派评 | 近期值得关注的 App,https://sspai.com/post/90930
29,,必看！CRM系统选型指南：10款CRM系统对比，你该用哪个？,https://sspai.com/post/90919
30,,2024最新盘点！10家值得推荐的仓储管理系统，总有一款适合你！,https://sspai.com/post/90847
31,,最新！2024年15款CRM软件盘点，总有一款适合你！,https://sspai.com/post/90840
32,,2024年最新盘点！推荐十款适合服装业的进销存！,https://sspai.com/post/90768
33,,派评 | 近期值得关注的 App,https://sspai.com/post/90709
34,,有没有比较推荐的生产小工单系统？,https://sspai.com/post/90635
35,,最新盘点！2024年六大CRM开源系统推荐！,https://sspai.com/post/90554
36,,派评 | 近期值得关注的 App,https://sspai.com/post/90492
37,,Halide 团队全新力作，专业视频更轻松拍：Kino,https://sspai.com/post/90314
38,,最新盘点！2024年最好用的十大仓储管理系统（WMS）,https://sspai.com/post/90386
39,,如何实现有效的项目管理？5款值得推荐的项目管理软件,https://sspai.com/post/90306
40,,派评 | 近期值得关注的 App,https://sspai.com/post/90287
41,,大厂打工人高效工作秘诀：多亏了这些办公软件,https://sspai.com/post/90278
42,,社交和户外运动造就了Fitmap,https://sspai.com/post/90122
43,,最新盘点！2024年10大好用的项目管理软件,https://sspai.com/post/90205
44,,月薪过万的职场打工人，原来都在用这35个资源网站！,https://sspai.com/post/90186
45,,派评 | 近期值得关注的 App,https://sspai.com/post/90113
46,,最热！2024年国内外最好用的六款项目管理平台盘点！,https://sspai.com/post/89957
47,,从盲目记账到目标记账：我的记账管理转变之路,https://sspai.com/post/89845
48,,试着成为一名创作者，试着去想象一种可能,https://sspai.com/post/89869
49,,派评 | 近期值得关注的 App,https://sspai.com/post/89889
50,,进销存系统哪个好？2024最新进销存系统推荐（持续更新中）,https://sspai.com/post/89758
