index,hot,title,href
1,2.3万,尝试实现了国外大佬用Web做出来跨窗口渲染动画效果,https://juejin.im/post/7304537142122266674
2,2.3万,关于鸿蒙开发，我暂时放弃了,https://juejin.im/post/7304538094736343052
3,1.3万,屠龙少年终成恶龙，前端转产品的我给前端挖了个坑,https://juejin.im/post/7303798788720115749
4,1.1万,TensorFlow.js，让你的应用更加高级，更具逼格,https://juejin.im/post/7302965547087298601
5,9632,Git 提交竟然还能这么用？,https://juejin.im/post/7303349108845920306
6,8088,token无感知刷新,https://juejin.im/post/7303546495777734665
7,8525,气死了????，过五关，斩六将，结果被 HR 捅了一刀！！,https://juejin.im/post/7304182487663312947
8,7197,奥特曼带队入职微软！Ilya发声：我很后悔,https://juejin.im/post/7303739766105882664
9,7455,手撸 Electron 自动更新，再繁琐也要搞懂它,https://juejin.im/post/7302724955700264999
10,6518,从公司的code Review 中提升编码能力，发现与其他人的差距,https://juejin.im/post/7303435124527185960
11,6385,网上被吹爆的Spring Event事件订阅有缺陷，一个月内我被坑了两次！,https://juejin.im/post/7302740437529296907
12,5996,看到if else很多就很烦,https://juejin.im/post/7304267413615312923
13,5247,为什么没有人能讲清楚 BFC？,https://juejin.im/post/7303392509664247835
14,4443,成为独立开发者有多难,https://juejin.im/post/7304537109851144243
15,4665,虽然炒股赚了十多万，但差点倾家荡产！劝你别入坑,https://juejin.im/post/7303348013934034983
16,4841,独立开发月入1K的实践之路与可持续思考,https://juejin.im/post/7303847314896175116
17,4626,Vue有20样写法，你知道么？,https://juejin.im/post/7303832834623111178
18,3866,[Vue3] 历数 ref 四宗罪，现在开始用 reactive,https://juejin.im/post/7304537142122070066
19,5612,这些新项目一定不要错过「GitHub 热点速览」,https://juejin.im/post/7302781262321598499
20,4666,Vite 5 官宣！（译）,https://juejin.im/post/7304563142956810259
