index,hot,title,href
1,37亮,高中生Flagg对阵梦之队狂砍19分8板3断6助攻2盖帽视频全收录,https://bbs.hupu.com/627179864.html
2,50亮,明日再度交锋！美国vs加拿大去年季军战回顾：狄龙狂砍39分率队力克美国,https://bbs.hupu.com/627175883.html
3,50亮,明日比赛预告：美国加拿大将进行热身赛，湖人勇士出战夏联,https://bbs.hupu.com/627175698.html
4,50亮,巅峰对决！美国与加拿大奥运热身赛男篮阵容对比,https://bbs.hupu.com/627175718.html
5,49亮,转贴：Alperen Sengun申京（本文篇幅超过4000字，请合理安排阅读）,https://bbs.hupu.com/627174200.html
6,49亮,有没有发现杰伦格林三年了还是靠本能打球。,https://bbs.hupu.com/627180078.html
7,23亮,Shams：小卡将退出美国男篮国家队！,https://bbs.hupu.com/627181069.html
8,38亮,小卡退出美国男篮了，下赛季还能打吗，好难受啊,https://bbs.hupu.com/627181067.html
9,26亮,小卡退出奥运会,https://bbs.hupu.com/627181177.html
10,14亮,科怀不打可以理解,https://bbs.hupu.com/627181200.html
11,27亮,船密知道卡子退出奥运肯定是高兴的,https://bbs.hupu.com/627181382.html
12,16亮,咦，隔壁伦纳德不打了，好家伙,https://bbs.hupu.com/627181123.html
13,26亮,shams:小卡将退出美国男篮国家队,https://bbs.hupu.com/627181099.html
14,19亮,有个比较奇怪的问题，就是小贾高阶数据很差，但火区一直认为他能成为极品二当家,https://bbs.hupu.com/627180803.html
15,35亮,首发5虎剑指西部前四（内含战术分析）,https://bbs.hupu.com/627179050.html
16,12亮,真的无语,https://bbs.hupu.com/627181453.html
17,24亮,阿门汤普森 腿真粗,https://bbs.hupu.com/627178424.html
18,10亮,Shams：小卡将退出美国男篮国家队！,https://bbs.hupu.com/627181018.html
19,17亮,塔图姆何德何能可以登上2k封面，联盟真就硬捧,https://bbs.hupu.com/627180048.html
20,9亮,小白要代替伦纳德进入美国国家队了,https://bbs.hupu.com/627181010.html
21,14亮,没有投射跟没有防守哪个跟脑溢血一点,https://bbs.hupu.com/627180169.html
22,26亮,伦纳德不打了,https://bbs.hupu.com/627181409.html
23,11亮,卡子哥退出国家队，可能是怀特递补…,https://bbs.hupu.com/627181082.html
24,44亮,优质偶像！聚焦聚光灯下！杰伦格林ins发布新的代言广告！,https://bbs.hupu.com/627174682.html
25,7亮,伦纳德风评成现在这样有一半归功他的后背团队,https://bbs.hupu.com/627181230.html
26,8亮,伦纳德将退出美国奥运男篮，他的位置很可能被怀特取代？,https://bbs.hupu.com/627181063.html
27,12亮,队记预测火箭下赛季各个位置主力、替补深度,https://bbs.hupu.com/627180196.html
28,9亮,伦纳德不打，大家觉得谁会替代他？,https://bbs.hupu.com/627181246.html
29,3亮,家人们，NASA好价了,https://bbs.hupu.com/627181132.html
30,11亮,dpm和epm，大家看看从体感上哪个数据更靠谱？,https://bbs.hupu.com/627179946.html
31,6亮,Spears：两天前，伦纳德的团队联系了美国男篮，并表达了担忧！ ​​​,https://bbs.hupu.com/627181159.html
32,9亮,国家队首发还没确定吗？,https://bbs.hupu.com/627180444.html
33,7亮,伦纳德国家队也轮休了，文子能不能补上,https://bbs.hupu.com/627181294.html
34,8亮,小白能去国家队了,https://bbs.hupu.com/627181050.html
35,13亮,理性讨论，加索尔单独带队战绩比科比还好一点？,https://bbs.hupu.com/627180053.html
36,7亮,小卡不打了,https://bbs.hupu.com/627181122.html
37,5亮,小卡突然退出美国男篮,https://bbs.hupu.com/627181396.html
38,10亮,我看刺区有必要给哈里森英格拉姆换个昵称了，不然老容易招苍蝇，叫啥比较好？,https://bbs.hupu.com/627180098.html
39,32亮,詹姆斯名人堂引荐人会是迈克尔乔丹吗?,https://bbs.hupu.com/627179501.html
40,7亮,坏了，怀特进美国队，美国队大补强，文班夺冠难度又增加了,https://bbs.hupu.com/627181319.html
41,6亮,如果明年马刺再拿下弗拉格,https://bbs.hupu.com/627181184.html
42,9亮,杜兰特好像因为伤病退出国家队了,https://bbs.hupu.com/627180484.html
43,10亮,比赛到最后5分钟关键时刻，你更愿意看到哪位球员来处理球？,https://bbs.hupu.com/627179717.html
44,15亮,8.申京训练视频（来自土篮国家队体能教练ig）,https://bbs.hupu.com/627180745.html
45,5亮,卡子哥退出奥运会，啥情况？,https://bbs.hupu.com/627181083.html
46,48亮,快点进来跟勒布朗学习胯下运球吧～,https://bbs.hupu.com/627174023.html
47,10亮,推演得出--下赛季火箭必定爆发的两名球员。,https://bbs.hupu.com/627180393.html
48,5亮,理性竞猜，明天克内克特能不能拿个 20+？,https://bbs.hupu.com/627181119.html
49,5亮,大佬们我有个突发奇想关于明年的状元签。,https://bbs.hupu.com/627181076.html
50,5亮,詹姆斯与帕金斯运球对比,https://bbs.hupu.com/627181125.html
51,50亮,库里休赛期是去哪里打野球了，这队友的投篮也太离谱了吧,https://bbs.hupu.com/627171384.html
52,5亮,詹姆斯转发杜德利言论：夏联场均25分不会在NBA打球，但有场均5-6分的球员进入NBA，不要在意统计数据！,https://bbs.hupu.com/627180574.html
53,8亮,“老将”球星近5年的出场数；为什么保罗老给人”太老了、老受伤、上不了场”的错觉？,https://bbs.hupu.com/627180167.html
54,4亮,白帝的机会来喽,https://bbs.hupu.com/627181036.html
55,7亮,谢泼德一点都不矮，是控卫的完美身高,https://bbs.hupu.com/627179903.html
56,6亮,兄弟们问个事,https://bbs.hupu.com/627181504.html
57,9亮,火箭还有中产1000来万可以签这两个。,https://bbs.hupu.com/627179671.html
58,5亮,16FMVP有水分？,https://bbs.hupu.com/627180993.html
59,6亮,若克莱拿到生涯第五冠，将达到怎样的历史地位？,https://bbs.hupu.com/627180894.html
60,5亮,哈登看来不得不回到19赛季了,https://bbs.hupu.com/627181433.html
