index,hot,title,href
1,Kirk! Wallace,drummer grape,https://dribbble.com/shots/
2,Mary Maka,Beauty,https://dribbble.com/shots/
3,Tyler Pate,The Garfield Movie,https://dribbble.com/shots/
4,Josh Warren,TinyTalks Socials,https://dribbble.com/shots/
5,Armin,Scarlet Mosque,https://dribbble.com/shots/
6,Alexander Vidal,Canada Goose,https://dribbble.com/shots/
7,brian hurst,Jesus Collage - book cover design,https://dribbble.com/shots/
8,Coric Design,Mainspring London Branded Graphic,https://dribbble.com/shots/
9,Jim Kennelly,Foxtrot: Deliver Illustrations,https://dribbble.com/shots/
10,Francis Chouquet,Wild and Funky Beastie Boys Lettering,https://dribbble.com/shots/
11,Coric Design,Music & Film Logo Collection,https://dribbble.com/shots/
12,Srdjan Vidakovic,Red Queen Gin,https://dribbble.com/shots/
13,Emir Ayouni,FORGE,https://dribbble.com/shots/
14,Alex Krugli,Klaipeda and Palanga Icons,https://dribbble.com/shots/
15,Adam Johnson,American Sasquatch,https://dribbble.com/shots/
16,Yondr Studio,G.K. Chesterton,https://dribbble.com/shots/
17,MUTI,Delve into the world of illustration,https://dribbble.com/shots/
18,Skilline Design Co.,Summer Moon Coffee - Merchandise,https://dribbble.com/shots/
19,Oli Lisher,Pixel art animated test,https://dribbble.com/shots/
20,Heyo,D&D Alignment Badge Illustrations,https://dribbble.com/shots/
21,Andrey Prokopenko ????????,Shore House,https://dribbble.com/shots/
22,Dmitrij,Old Jan,https://dribbble.com/shots/
23,Ann-Sophie De Steur,"Philippe II & Richard the Lionheart, BFFs!",https://dribbble.com/shots/
24,Zhenya Artemjev,Billy's Hamburger Sticker,https://dribbble.com/shots/
