index,hot,title,href
1,272.1W实时讨论,是谁抢到了黑神话实体版,http://tieba.baidu.com/hottopic/browse/hottopic?topic_id=26273404&topic_name=%E6%98%AF%E8%B0%81%E6%8A%A2%E5%88%B0%E4%BA%86%E9%BB%91%E7%A5%9E%E8%AF%9D%E5%AE%9E%E4%BD%93%E7%89%88
2,247.8W实时讨论,内娱颤抖吧十几个初生要来了,http://tieba.baidu.com/hottopic/browse/hottopic?topic_id=26270241&topic_name=%E5%86%85%E5%A8%B1%E9%A2%A4%E6%8A%96%E5%90%A7%E5%8D%81%E5%87%A0%E4%B8%AA%E5%88%9D%E7%94%9F%E8%A6%81%E6%9D%A5%E4%BA%86
3,181.3W实时讨论,职业选手待遇真不如陪玩吗？,http://tieba.baidu.com/hottopic/browse/hottopic?topic_id=26273455&topic_name=%E8%81%8C%E4%B8%9A%E9%80%89%E6%89%8B%E5%BE%85%E9%81%87%E7%9C%9F%E4%B8%8D%E5%A6%82%E9%99%AA%E7%8E%A9%E5%90%97%EF%BC%9F
4,146W实时讨论,打LGD满头大汗？如何评价BLG表现,http://tieba.baidu.com/hottopic/browse/hottopic?topic_id=26273502&topic_name=%E6%89%93LGD%E6%BB%A1%E5%A4%B4%E5%A4%A7%E6%B1%97%EF%BC%9F%E5%A6%82%E4%BD%95%E8%AF%84%E4%BB%B7BLG%E8%A1%A8%E7%8E%B0
5,117.8W实时讨论,自行车吧大神提车答疑,http://tieba.baidu.com/hottopic/browse/hottopic?topic_id=26273486&topic_name=%E8%87%AA%E8%A1%8C%E8%BD%A6%E5%90%A7%E5%A4%A7%E7%A5%9E%E6%8F%90%E8%BD%A6%E7%AD%94%E7%96%91
6,106.7W实时讨论,尘白禁区1.8版本最全角色攻略,http://tieba.baidu.com/hottopic/browse/hottopic?topic_id=26273433&topic_name=%E5%B0%98%E7%99%BD%E7%A6%81%E5%8C%BA1.8%E7%89%88%E6%9C%AC%E6%9C%80%E5%85%A8%E8%A7%92%E8%89%B2%E6%94%BB%E7%95%A5
7,80.3W实时讨论,2024核吧成就系统,http://tieba.baidu.com/hottopic/browse/hottopic?topic_id=26272538&topic_name=2024%E6%A0%B8%E5%90%A7%E6%88%90%E5%B0%B1%E7%B3%BB%E7%BB%9F
8,78.5W实时讨论,FPX更换阵容后遭EDG横扫,http://tieba.baidu.com/hottopic/browse/hottopic?topic_id=26271141&topic_name=FPX%E6%9B%B4%E6%8D%A2%E9%98%B5%E5%AE%B9%E5%90%8E%E9%81%ADEDG%E6%A8%AA%E6%89%AB
9,62.2W实时讨论,黑悟空被大神吧友给破解了,http://tieba.baidu.com/hottopic/browse/hottopic?topic_id=26265391&topic_name=%E9%BB%91%E6%82%9F%E7%A9%BA%E8%A2%AB%E5%A4%A7%E7%A5%9E%E5%90%A7%E5%8F%8B%E7%BB%99%E7%A0%B4%E8%A7%A3%E4%BA%86
10,52W实时讨论,于正新剧《墨雨云间》爆了吗,http://tieba.baidu.com/hottopic/browse/hottopic?topic_id=26273492&topic_name=%E4%BA%8E%E6%AD%A3%E6%96%B0%E5%89%A7%E3%80%8A%E5%A2%A8%E9%9B%A8%E4%BA%91%E9%97%B4%E3%80%8B%E7%88%86%E4%BA%86%E5%90%97
11,49.7W实时讨论,狐妖小红娘月红篇豆瓣5.6分,http://tieba.baidu.com/hottopic/browse/hottopic?topic_id=26270187&topic_name=%E7%8B%90%E5%A6%96%E5%B0%8F%E7%BA%A2%E5%A8%98%E6%9C%88%E7%BA%A2%E7%AF%87%E8%B1%86%E7%93%A35.6%E5%88%86
12,41.1W实时讨论,小老虎发文表示与FPX和解,http://tieba.baidu.com/hottopic/browse/hottopic?topic_id=26267943&topic_name=%E5%B0%8F%E8%80%81%E8%99%8E%E5%8F%91%E6%96%87%E8%A1%A8%E7%A4%BA%E4%B8%8EFPX%E5%92%8C%E8%A7%A3
13,32.1W实时讨论,2024KPL夏季赛即将开始,http://tieba.baidu.com/hottopic/browse/hottopic?topic_id=26264267&topic_name=2024KPL%E5%A4%8F%E5%AD%A3%E8%B5%9B%E5%8D%B3%E5%B0%86%E5%BC%80%E5%A7%8B
14,22.9W实时讨论,一人一句话评价NBA选手,http://tieba.baidu.com/hottopic/browse/hottopic?topic_id=26263748&topic_name=%E4%B8%80%E4%BA%BA%E4%B8%80%E5%8F%A5%E8%AF%9D%E8%AF%84%E4%BB%B7NBA%E9%80%89%E6%89%8B
15,16.7W实时讨论,鼠鼠被最好的朋友撕准考证,http://tieba.baidu.com/hottopic/browse/hottopic?topic_id=26255375&topic_name=%E9%BC%A0%E9%BC%A0%E8%A2%AB%E6%9C%80%E5%A5%BD%E7%9A%84%E6%9C%8B%E5%8F%8B%E6%92%95%E5%87%86%E8%80%83%E8%AF%81
16,16.7W实时讨论,如何评价刘亦菲新剧《玫瑰的故事》,http://tieba.baidu.com/hottopic/browse/hottopic?topic_id=26216096&topic_name=%E5%A6%82%E4%BD%95%E8%AF%84%E4%BB%B7%E5%88%98%E4%BA%A6%E8%8F%B2%E6%96%B0%E5%89%A7%E3%80%8A%E7%8E%AB%E7%91%B0%E7%9A%84%E6%95%85%E4%BA%8B%E3%80%8B
17,16.4W实时讨论,在线解答剑网3萌新问题,http://tieba.baidu.com/hottopic/browse/hottopic?topic_id=26251205&topic_name=%E5%9C%A8%E7%BA%BF%E8%A7%A3%E7%AD%94%E5%89%91%E7%BD%913%E8%90%8C%E6%96%B0%E9%97%AE%E9%A2%98
18,16.3W实时讨论,35岁唐尚珺结束第16次高考,http://tieba.baidu.com/hottopic/browse/hottopic?topic_id=26265348&topic_name=35%E5%B2%81%E5%94%90%E5%B0%9A%E7%8F%BA%E7%BB%93%E6%9D%9F%E7%AC%AC16%E6%AC%A1%E9%AB%98%E8%80%83
19,14.9W实时讨论,高考回来发现我推没了,http://tieba.baidu.com/hottopic/browse/hottopic?topic_id=26248515&topic_name=%E9%AB%98%E8%80%83%E5%9B%9E%E6%9D%A5%E5%8F%91%E7%8E%B0%E6%88%91%E6%8E%A8%E6%B2%A1%E4%BA%86
20,11.7W实时讨论,原神鸣潮卡池大对决,http://tieba.baidu.com/hottopic/browse/hottopic?topic_id=26251300&topic_name=%E5%8E%9F%E7%A5%9E%E9%B8%A3%E6%BD%AE%E5%8D%A1%E6%B1%A0%E5%A4%A7%E5%AF%B9%E5%86%B3
21,10.1W实时讨论,鸣潮公式做题就是快,http://tieba.baidu.com/hottopic/browse/hottopic?topic_id=26234851&topic_name=%E9%B8%A3%E6%BD%AE%E5%85%AC%E5%BC%8F%E5%81%9A%E9%A2%98%E5%B0%B1%E6%98%AF%E5%BF%AB
22,7.4W实时讨论,Xbox发布会汇总,http://tieba.baidu.com/hottopic/browse/hottopic?topic_id=26253554&topic_name=Xbox%E5%8F%91%E5%B8%83%E4%BC%9A%E6%B1%87%E6%80%BB
23,6.3W实时讨论,如何评价《girlsbandcry》第十话,http://tieba.baidu.com/hottopic/browse/hottopic?topic_id=26252901&topic_name=%E5%A6%82%E4%BD%95%E8%AF%84%E4%BB%B7%E3%80%8Agirlsbandcry%E3%80%8B%E7%AC%AC%E5%8D%81%E8%AF%9D
24,5.1W实时讨论,阿尔卡拉斯大满贯第三冠,http://tieba.baidu.com/hottopic/browse/hottopic?topic_id=26243046&topic_name=%E9%98%BF%E5%B0%94%E5%8D%A1%E6%8B%89%E6%96%AF%E5%A4%A7%E6%BB%A1%E8%B4%AF%E7%AC%AC%E4%B8%89%E5%86%A0
25,4.1W实时讨论,高考后这段时间很重要,http://tieba.baidu.com/hottopic/browse/hottopic?topic_id=26237429&topic_name=%E9%AB%98%E8%80%83%E5%90%8E%E8%BF%99%E6%AE%B5%E6%97%B6%E9%97%B4%E5%BE%88%E9%87%8D%E8%A6%81
26,3.8W实时讨论,光叔空降黑神话吧,http://tieba.baidu.com/hottopic/browse/hottopic?topic_id=26202549&topic_name=%E5%85%89%E5%8F%94%E7%A9%BA%E9%99%8D%E9%BB%91%E7%A5%9E%E8%AF%9D%E5%90%A7
27,3W实时讨论,再犯众怒！IGN法国开团黑神话,http://tieba.baidu.com/hottopic/browse/hottopic?topic_id=26229621&topic_name=%E5%86%8D%E7%8A%AF%E4%BC%97%E6%80%92%EF%BC%81IGN%E6%B3%95%E5%9B%BD%E5%BC%80%E5%9B%A2%E9%BB%91%E7%A5%9E%E8%AF%9D
28,2.4W实时讨论,盘点玄幻作品中对绝对零度的概念,http://tieba.baidu.com/hottopic/browse/hottopic?topic_id=26239694&topic_name=%E7%9B%98%E7%82%B9%E7%8E%84%E5%B9%BB%E4%BD%9C%E5%93%81%E4%B8%AD%E5%AF%B9%E7%BB%9D%E5%AF%B9%E9%9B%B6%E5%BA%A6%E7%9A%84%E6%A6%82%E5%BF%B5
29,1.9W实时讨论,贴吧也有自己的100份黑神话,http://tieba.baidu.com/hottopic/browse/hottopic?topic_id=26197200&topic_name=%E8%B4%B4%E5%90%A7%E4%B9%9F%E6%9C%89%E8%87%AA%E5%B7%B1%E7%9A%84100%E4%BB%BD%E9%BB%91%E7%A5%9E%E8%AF%9D
