index,hot,title,href
1,,我的核心基金池盘点,http://xueqiu.com/8653750491/282320714
2,,用数据说话：宁德时代2023年报解读及2024年预测,http://xueqiu.com/5672579962/282285032
3,,再看白酒：股价低迷，销量火爆,http://xueqiu.com/1062170191/282293854
4,,如何理解Tesla的2024,http://xueqiu.com/3032919926/282277500
5,,2024走进企业之——有色要C位出道？,http://xueqiu.com/8258019402/282224685
6,,听花无春,http://xueqiu.com/7913104177/282291434
7,,信立泰深度解读,http://xueqiu.com/4418375022/282252131
8,,超过15个Q&A，拾遗药明康德法案相关问题,http://xueqiu.com/1136897676/282253491
9,,曾毓群：把人类新能源推向新的高度,http://xueqiu.com/3199838879/282255655
10,,未来石油看海洋——中海油研究笔记,http://xueqiu.com/9964106754/282243011
11,,广发现丨当我们买指数时，我们在买什么？,http://xueqiu.com/3502863673/282007440
12,,创新药意见稿的影响有多大？,http://xueqiu.com/1784228056/282115392
13,,追涨杀跌没错，别追顶杀底才是,http://xueqiu.com/3559889031/282118279
14,,行业探讨｜看大消费，最钟爱白酒,http://xueqiu.com/3199838879/282212528
15,,巴菲特对保险业的一些洞见！,http://xueqiu.com/9206536540/282108012
16,,这一轮没学到什么,http://xueqiu.com/1038878653/282203575
17,,社会资本的规模效应令人惊讶,http://xueqiu.com/1622002697/282133614
18,,BOSS直聘年利润达10.99亿，下沉市场也能掘金,http://xueqiu.com/2107541144/282153189
19,,中概互联：时间磨平未知，业绩见底回升,http://xueqiu.com/9391624441/281983943
20,,我理解的高质量发展,http://xueqiu.com/3638360312/282040069
