index,hot,title,href
1,,【转】超神准！星座小王子独创的新型占卜、來一起試玩一下！,https://bbs.byr.cn/article/Constellations/326533
2,,【檐枫动漫社#暑期限定放映会】,https://bbs.byr.cn/article/Comic/633916
3,,北京美团洗牙靠谱吗？,https://bbs.byr.cn/article/Health/232812
4,,沙雕图 2024.7.16,https://bbs.byr.cn/article/Joke/731619
5,,【咨询】25届考公,https://bbs.byr.cn/article/CivilServant/50739
6,,【问题】集成电路学院考研相关问题,https://bbs.byr.cn/article/AimGraduate/1230452
7,,【问题】互联网程序员回老家做一个大专老师是一个好选择吗,https://bbs.byr.cn/article/Job/2214442
8,,【问题】请问北邮有老师招定向博士吗,https://bbs.byr.cn/article/Paper/48798
9,,流水不争先，争的是滔滔不绝,https://bbs.byr.cn/article/Talking/6422050
10,,苏东坡高唱大江东去,https://bbs.byr.cn/article/Poetry/36477
