index,hot,title,href
1,Manuel Cetina,腐った,https://dribbble.com/shots/
2,Rik Catlow,Playball!,https://dribbble.com/shots/
3,Steve Wolf,La Colombe,https://dribbble.com/shots/
4,Adam Johnson,Sketchbook Dump 2,https://dribbble.com/shots/
5,Srdjan Vidakovic,Fords Gin - Tasting Map,https://dribbble.com/shots/
6,Coric Design,Agua de Iquitos Label Design Mockup,https://dribbble.com/shots/
7,Andy Boice,Get Off My Lawn,https://dribbble.com/shots/
8,Lucian Radu,Hippo Logo,https://dribbble.com/shots/
9,Ruslan Babkin,Out of the Woods,https://dribbble.com/shots/
10,MUTI,V for Vase,https://dribbble.com/shots/
11,Alexandra Zutto,Flower pattern exploration,https://dribbble.com/shots/
12,DKNG,DKNG is Seattle Bound!,https://dribbble.com/shots/
13,dongkyu lim,Small Form Factor Computer,https://dribbble.com/shots/
14,Razvan Vezeteu,Sunday Home,https://dribbble.com/shots/
15,Skilline Design Co.,American Herbarium - Overall Preview,https://dribbble.com/shots/
16,OVCHARKA INDUSTRIES,Stay Weird,https://dribbble.com/shots/
17,Mary Maka,Irene,https://dribbble.com/shots/
18,Mick Champayne ????,Champagne for Champayne ????,https://dribbble.com/shots/
19,Alex Krugli,Travel Singapore Scene,https://dribbble.com/shots/
20,Nathan Walker,Game break,https://dribbble.com/shots/
21,Adam Quest,Inside out (PSE '24),https://dribbble.com/shots/
22,Pavlov Visuals,Animal Kingdom (Personal Illustration Series),https://dribbble.com/shots/
23,WEIRDFACE BRAND,ECOBREW CO.,https://dribbble.com/shots/
24,Ann-Sophie De Steur,Kitty God eats Eldritch Horror,https://dribbble.com/shots/
