index,hot,title,href
1,,堪比DLC的大型Mod《辐射：伦敦》，终于要来了,https://www.yystv.cn/p/11950
2,,畅“游”全球 增长不已：2024年X游戏出海白皮书,https://www.yystv.cn/p/11951
3,,中国音数协游戏博物馆在上海市徐汇区正式开馆,https://www.yystv.cn/p/11944
4,,为什么太空游戏里都要造这个“圈”,https://www.yystv.cn/p/11943
5,,​“怪谈”游戏的出路，是“大家来找茬”,https://www.yystv.cn/p/11939
6,,实际已停服的“僵尸手游”，靠用户充钱买炸鸡，又续了一年命,https://www.yystv.cn/p/11935
7,,更新8年后，《无人深空》终于得到了“特别好评”,https://www.yystv.cn/p/11936
8,,抵制黑人武士的日本玩家，真把《刺客信条》告到外务省了,https://www.yystv.cn/p/11930
9,,今年ChinaJoy，欢迎来游戏博物馆参加两场行业沙龙,https://www.yystv.cn/p/11931
10,,未开「展」先兴奋，2024 ChinaJoy骁龙主题馆会有多好玩？,https://www.yystv.cn/p/11932
11,,日本史上规模最大的“海自贪污案”里，人们更关心赃物里的Switch,https://www.yystv.cn/p/11928
12,,藏品提前剧透！这里有一份中国音数协博物馆预约指南,https://www.yystv.cn/p/11927
