index,hot,title,href
1,,紧紧依靠全体中华儿女共同奋斗,https://s.weibo.com/weibo?q=%E7%B4%A7%E7%B4%A7%E4%BE%9D%E9%9D%A0%E5%85%A8%E4%BD%93%E4%B8%AD%E5%8D%8E%E5%84%BF%E5%A5%B3%E5%85%B1%E5%90%8C%E5%A5%8B%E6%96%97
2,36.8万,巴勒斯坦,https://s.weibo.com/weibo?q=%E5%B7%B4%E5%8B%92%E6%96%AF%E5%9D%A6
3,16.1万,以巴爆发大规模冲突造成严重伤亡,https://s.weibo.com/weibo?q=%E4%BB%A5%E5%B7%B4%E7%88%86%E5%8F%91%E5%A4%A7%E8%A7%84%E6%A8%A1%E5%86%B2%E7%AA%81%E9%80%A0%E6%88%90%E4%B8%A5%E9%87%8D%E4%BC%A4%E4%BA%A1
4,12.3万,推进共建绿色一带一路,https://s.weibo.com/weibo?q=%E6%8E%A8%E8%BF%9B%E5%85%B1%E5%BB%BA%E7%BB%BF%E8%89%B2%E4%B8%80%E5%B8%A6%E4%B8%80%E8%B7%AF
5,,热爱 勇立潮头,https://s.weibo.com/weibo?q=%E7%83%AD%E7%88%B1+%E5%8B%87%E7%AB%8B%E6%BD%AE%E5%A4%B4
6,11.9万,蜜雪冰城称将偷餐者绑天桥示众8小时,https://s.weibo.com/weibo?q=%E8%9C%9C%E9%9B%AA%E5%86%B0%E5%9F%8E%E7%A7%B0%E5%B0%86%E5%81%B7%E9%A4%90%E8%80%85%E7%BB%91%E5%A4%A9%E6%A1%A5%E7%A4%BA%E4%BC%978%E5%B0%8F%E6%97%B6
7,8.7万,贝嫂谈贝克汉姆出轨,https://s.weibo.com/weibo?q=%E8%B4%9D%E5%AB%82%E8%B0%88%E8%B4%9D%E5%85%8B%E6%B1%89%E5%A7%86%E5%87%BA%E8%BD%A8
8,6.9万,亚运史上第1块霹雳舞金牌,https://s.weibo.com/weibo?q=%E4%BA%9A%E8%BF%90%E5%8F%B2%E4%B8%8A%E7%AC%AC1%E5%9D%97%E9%9C%B9%E9%9B%B3%E8%88%9E%E9%87%91%E7%89%8C
9,6.0万,班主任自费千元组织学生看电影志愿军,https://s.weibo.com/weibo?q=%E7%8F%AD%E4%B8%BB%E4%BB%BB%E8%87%AA%E8%B4%B9%E5%8D%83%E5%85%83%E7%BB%84%E7%BB%87%E5%AD%A6%E7%94%9F%E7%9C%8B%E7%94%B5%E5%BD%B1%E5%BF%97%E6%84%BF%E5%86%9B
10,6.0万,皮划艇女选手赛后黄体破裂医生紧急救回,https://s.weibo.com/weibo?q=%E7%9A%AE%E5%88%92%E8%89%87%E5%A5%B3%E9%80%89%E6%89%8B%E8%B5%9B%E5%90%8E%E9%BB%84%E4%BD%93%E7%A0%B4%E8%A3%82%E5%8C%BB%E7%94%9F%E7%B4%A7%E6%80%A5%E6%95%91%E5%9B%9E
11,5.7万,迷笛音乐节要反思的不是当地群众,https://s.weibo.com/weibo?q=%E8%BF%B7%E7%AC%9B%E9%9F%B3%E4%B9%90%E8%8A%82%E8%A6%81%E5%8F%8D%E6%80%9D%E7%9A%84%E4%B8%8D%E6%98%AF%E5%BD%93%E5%9C%B0%E7%BE%A4%E4%BC%97
12,5.5万,研究证实怀孕会部分重置准妈妈大脑,https://s.weibo.com/weibo?q=%E7%A0%94%E7%A9%B6%E8%AF%81%E5%AE%9E%E6%80%80%E5%AD%95%E4%BC%9A%E9%83%A8%E5%88%86%E9%87%8D%E7%BD%AE%E5%87%86%E5%A6%88%E5%A6%88%E5%A4%A7%E8%84%91
13,5.3万,为什么工作之后一定要交社保,https://s.weibo.com/weibo?q=%E4%B8%BA%E4%BB%80%E4%B9%88%E5%B7%A5%E4%BD%9C%E4%B9%8B%E5%90%8E%E4%B8%80%E5%AE%9A%E8%A6%81%E4%BA%A4%E7%A4%BE%E4%BF%9D
14,4.8万,男子海边遇女童独自戏水守护10分钟,https://s.weibo.com/weibo?q=%E7%94%B7%E5%AD%90%E6%B5%B7%E8%BE%B9%E9%81%87%E5%A5%B3%E7%AB%A5%E7%8B%AC%E8%87%AA%E6%88%8F%E6%B0%B4%E5%AE%88%E6%8A%A410%E5%88%86%E9%92%9F
15,4.0万,生理期前到底会有哪些迹象,https://s.weibo.com/weibo?q=%E7%94%9F%E7%90%86%E6%9C%9F%E5%89%8D%E5%88%B0%E5%BA%95%E4%BC%9A%E6%9C%89%E5%93%AA%E4%BA%9B%E8%BF%B9%E8%B1%A1
16,综艺 38460,周深戏腔一开口惠英红都坐不住了,https://s.weibo.com/weibo?q=%E5%91%A8%E6%B7%B1%E6%88%8F%E8%85%94%E4%B8%80%E5%BC%80%E5%8F%A3%E6%83%A0%E8%8B%B1%E7%BA%A2%E9%83%BD%E5%9D%90%E4%B8%8D%E4%BD%8F%E4%BA%86
17,3.7万,以色列总统发文,https://s.weibo.com/weibo?q=%E4%BB%A5%E8%89%B2%E5%88%97%E6%80%BB%E7%BB%9F%E5%8F%91%E6%96%87
18,3.7万,韩国男足夺得亚运冠军,https://s.weibo.com/weibo?q=%E9%9F%A9%E5%9B%BD%E7%94%B7%E8%B6%B3%E5%A4%BA%E5%BE%97%E4%BA%9A%E8%BF%90%E5%86%A0%E5%86%9B
19,3.4万,台风小犬,https://s.weibo.com/weibo?q=%E5%8F%B0%E9%A3%8E%E5%B0%8F%E7%8A%AC
20,3.4万,丁霞哭了,https://s.weibo.com/weibo?q=%E4%B8%81%E9%9C%9E%E5%93%AD%E4%BA%86
21,电影 32010,陈飞宇爆料健身最卷的是魏晨,https://s.weibo.com/weibo?q=%E9%99%88%E9%A3%9E%E5%AE%87%E7%88%86%E6%96%99%E5%81%A5%E8%BA%AB%E6%9C%80%E5%8D%B7%E7%9A%84%E6%98%AF%E9%AD%8F%E6%99%A8
22,2.9万,陈雨菲拼到抽筋,https://s.weibo.com/weibo?q=%E9%99%88%E9%9B%A8%E8%8F%B2%E6%8B%BC%E5%88%B0%E6%8A%BD%E7%AD%8B
23,2.9万,母女双双吃蒸苹果的后果,https://s.weibo.com/weibo?q=%E6%AF%8D%E5%A5%B3%E5%8F%8C%E5%8F%8C%E5%90%83%E8%92%B8%E8%8B%B9%E6%9E%9C%E7%9A%84%E5%90%8E%E6%9E%9C
24,2.8万,母亲去世5年全家瞒着98岁外婆,https://s.weibo.com/weibo?q=%E6%AF%8D%E4%BA%B2%E5%8E%BB%E4%B8%965%E5%B9%B4%E5%85%A8%E5%AE%B6%E7%9E%92%E7%9D%8098%E5%B2%81%E5%A4%96%E5%A9%86
25,2.8万,夫妻因饮食习惯同时确诊同种癌症,https://s.weibo.com/weibo?q=%E5%A4%AB%E5%A6%BB%E5%9B%A0%E9%A5%AE%E9%A3%9F%E4%B9%A0%E6%83%AF%E5%90%8C%E6%97%B6%E7%A1%AE%E8%AF%8A%E5%90%8C%E7%A7%8D%E7%99%8C%E7%97%87
26,2.8万,气血不足一定不要乱补,https://s.weibo.com/weibo?q=%E6%B0%94%E8%A1%80%E4%B8%8D%E8%B6%B3%E4%B8%80%E5%AE%9A%E4%B8%8D%E8%A6%81%E4%B9%B1%E8%A1%A5
27,2.7万,24岁被妈妈发消息说注意避孕,https://s.weibo.com/weibo?q=24%E5%B2%81%E8%A2%AB%E5%A6%88%E5%A6%88%E5%8F%91%E6%B6%88%E6%81%AF%E8%AF%B4%E6%B3%A8%E6%84%8F%E9%81%BF%E5%AD%95
28,2.7万,韩国人疯狂喝咖啡的原因,https://s.weibo.com/weibo?q=%E9%9F%A9%E5%9B%BD%E4%BA%BA%E7%96%AF%E7%8B%82%E5%96%9D%E5%92%96%E5%95%A1%E7%9A%84%E5%8E%9F%E5%9B%A0
29,2.6万,10月不要请假,https://s.weibo.com/weibo?q=10%E6%9C%88%E4%B8%8D%E8%A6%81%E8%AF%B7%E5%81%87
30,2.5万,孙颖莎3比0张本美和,https://s.weibo.com/weibo?q=%E5%AD%99%E9%A2%96%E8%8E%8E3%E6%AF%940%E5%BC%A0%E6%9C%AC%E7%BE%8E%E5%92%8C
31,剧集 24836,黄子诚夜闯被抓,https://s.weibo.com/weibo?q=%E9%BB%84%E5%AD%90%E8%AF%9A%E5%A4%9C%E9%97%AF%E8%A2%AB%E6%8A%93
32,2.5万,诛仙世界抽疯了,https://s.weibo.com/weibo?q=%E8%AF%9B%E4%BB%99%E4%B8%96%E7%95%8C%E6%8A%BD%E7%96%AF%E4%BA%86
33,2.5万,以色列遭袭后炮击加沙地带,https://s.weibo.com/weibo?q=%E4%BB%A5%E8%89%B2%E5%88%97%E9%81%AD%E8%A2%AD%E5%90%8E%E7%82%AE%E5%87%BB%E5%8A%A0%E6%B2%99%E5%9C%B0%E5%B8%A6
34,2.3万,网友高铁上偶遇朱一龙拍摄路透,https://s.weibo.com/weibo?q=%E7%BD%91%E5%8F%8B%E9%AB%98%E9%93%81%E4%B8%8A%E5%81%B6%E9%81%87%E6%9C%B1%E4%B8%80%E9%BE%99%E6%8B%8D%E6%91%84%E8%B7%AF%E9%80%8F
35,2.3万,以色列,https://s.weibo.com/weibo?q=%E4%BB%A5%E8%89%B2%E5%88%97
36,2.2万,中国女排夺冠,https://s.weibo.com/weibo?q=%E4%B8%AD%E5%9B%BD%E5%A5%B3%E6%8E%92%E5%A4%BA%E5%86%A0
37,2.2万,台风,https://s.weibo.com/weibo?q=%E5%8F%B0%E9%A3%8E
38,2.2万,奥纳纳丢球,https://s.weibo.com/weibo?q=%E5%A5%A5%E7%BA%B3%E7%BA%B3%E4%B8%A2%E7%90%83
39,2.1万,杨幂若把你直拍,https://s.weibo.com/weibo?q=%E6%9D%A8%E5%B9%82%E8%8B%A5%E6%8A%8A%E4%BD%A0%E7%9B%B4%E6%8B%8D
40,2.1万,陈都灵吃饭也走流程,https://s.weibo.com/weibo?q=%E9%99%88%E9%83%BD%E7%81%B5%E5%90%83%E9%A5%AD%E4%B9%9F%E8%B5%B0%E6%B5%81%E7%A8%8B
41,2.0万,国羽4金3银2铜收官,https://s.weibo.com/weibo?q=%E5%9B%BD%E7%BE%BD4%E9%87%913%E9%93%B62%E9%93%9C%E6%94%B6%E5%AE%98
42,电影 19823,黄晓明说光腿过江是真实历史事件,https://s.weibo.com/weibo?q=%E9%BB%84%E6%99%93%E6%98%8E%E8%AF%B4%E5%85%89%E8%85%BF%E8%BF%87%E6%B1%9F%E6%98%AF%E7%9C%9F%E5%AE%9E%E5%8E%86%E5%8F%B2%E4%BA%8B%E4%BB%B6
43,1.9万,98名浙江运动员已获50块金牌,https://s.weibo.com/weibo?q=98%E5%90%8D%E6%B5%99%E6%B1%9F%E8%BF%90%E5%8A%A8%E5%91%98%E5%B7%B2%E8%8E%B750%E5%9D%97%E9%87%91%E7%89%8C
44,1.9万,王楚钦决胜局11比0,https://s.weibo.com/weibo?q=%E7%8E%8B%E6%A5%9A%E9%92%A6%E5%86%B3%E8%83%9C%E5%B1%8011%E6%AF%940
45,1.9万,lofter,https://s.weibo.com/weibo?q=lofter
46,1.9万,六安地震,https://s.weibo.com/weibo?q=%E5%85%AD%E5%AE%89%E5%9C%B0%E9%9C%87
47,1.8万,金晨发光眼线,https://s.weibo.com/weibo?q=%E9%87%91%E6%99%A8%E5%8F%91%E5%85%89%E7%9C%BC%E7%BA%BF
48,1.8万,为什么现在的烧烤这么贵,https://s.weibo.com/weibo?q=%E4%B8%BA%E4%BB%80%E4%B9%88%E7%8E%B0%E5%9C%A8%E7%9A%84%E7%83%A7%E7%83%A4%E8%BF%99%E4%B9%88%E8%B4%B5
49,演出 17972,成龙去了张艺兴演唱会,https://s.weibo.com/weibo?q=%E6%88%90%E9%BE%99%E5%8E%BB%E4%BA%86%E5%BC%A0%E8%89%BA%E5%85%B4%E6%BC%94%E5%94%B1%E4%BC%9A
50,1.8万,亚运闭幕式门票,https://s.weibo.com/weibo?q=%E4%BA%9A%E8%BF%90%E9%97%AD%E5%B9%95%E5%BC%8F%E9%97%A8%E7%A5%A8
51,演出 17962,张元英公主造型,https://s.weibo.com/weibo?q=%E5%BC%A0%E5%85%83%E8%8B%B1%E5%85%AC%E4%B8%BB%E9%80%A0%E5%9E%8B
52,演出 17951,Liz哭了,https://s.weibo.com/weibo?q=Liz%E5%93%AD%E4%BA%86
