index,hot,title,href
1,942.7万观看 · 9月30日,当我发现妈妈竟然是16W粉丝的网红….,https://www.bilibili.com/video/av321537081/
2,350.7万观看 · 9月29日,【原神生日会】你呀你呀,https://www.bilibili.com/video/av233890243/
3,268.8万观看 · 10月2日,1比32，建造003号航母，下水全速航行，直呼太震撼了！,https://www.bilibili.com/video/av959223724/
4,344.9万观看 · 10月3日,我叫柯蓝，是附近有名的名蒸蛋（4）,https://www.bilibili.com/video/av276700006/
5,559.5万观看 · 9月30日,花90天烤一块肉，你说该卖多少钱？,https://www.bilibili.com/video/av746555169/
6,549万观看 · 10月1日,各地人身上都有奇怪的bug,https://www.bilibili.com/video/av364160498/
7,144.6万观看 · 10月1日,跟踪狂,https://www.bilibili.com/video/av234188854/
8,281.3万观看 · 10月4日,双厨探店 |压力拉满！两个专业厨师一起探店到底有多恐怖！,https://www.bilibili.com/video/av789148636/
9,424.1万观看 · 10月4日,假期里怎么能少了脱缰凯更新呢，爆笑来袭，哈哈哈哈哈哈哈,https://www.bilibili.com/video/av276793947/
10,738.1万观看 · 10月2日,打！,https://www.bilibili.com/video/av534119729/
11,192.6万观看 · 9月29日,中秋快乐~ 今晚月色会很美吧,https://www.bilibili.com/video/av961624789/
12,265.2万观看 · 9月29日,都什么年代，谁还打传统白骨精？！！,https://www.bilibili.com/video/av961588357/
13,60万观看 · 9月22日,【王德峰】在生活的重重困境面前，为什么我们需要的是人文经典？,https://www.bilibili.com/video/av406317851/
14,491.8万观看 · 10月4日,【英雄联盟】2023全球总决赛主题曲《登神》,https://www.bilibili.com/video/av704054090/
15,306.5万观看 · 10月2日,耗时三天三夜，我用1块钱的优势成功荣获了“世界第一”,https://www.bilibili.com/video/av874203375/
16,105.8万观看 · 10月4日,【泛式/剧情MAD】祝你幸福，这一次我没有『说谎 』......  （mygo/祥子）,https://www.bilibili.com/video/av406864969/
17,515.8万观看 · 9月30日,梦回十六岁！,https://www.bilibili.com/video/av619084153/
18,256.1万观看 · 9月29日,《崩坏：星穹铁道》1.4版本「冬梦激醒」前瞻特别节目,https://www.bilibili.com/video/av961411320/
19,151.3万观看 · 9月28日,《崩坏3》动画短片-「婚 前 旅 行」,https://www.bilibili.com/video/av534062237/
20,137.6万观看 · 9月29日,我用12支笔，演奏了《悬溺》？,https://www.bilibili.com/video/av704086861/
21,178.2万观看 · 10月4日,细读经典：不接受任何反驳！这就是华语影史最好的战争电影,https://www.bilibili.com/video/av661560393/
22,192.8万观看 · 10月2日,这是我玩过最抽象的宝可梦了 ④,https://www.bilibili.com/video/av406689868/
23,264.9万观看 · 10月1日,请不要在台球厅打高尔夫,https://www.bilibili.com/video/av276544686/
24,152.8万观看 · 10月3日,《原神》过场动画-「为时尚早」,https://www.bilibili.com/video/av319016556/
25,475.7万观看 · 9月29日,让十五个艺术家创作同一个题材的作品，能有多卷？,https://www.bilibili.com/video/av959112067/
26,94.9万观看 · 3天前,ROOMTOUR,https://www.bilibili.com/video/av276835357/
27,224万观看 · 3天前,很明显这游戏需要让我滚,https://www.bilibili.com/video/av276739483/
28,87.4万观看 · 10月3日,我抽的北黑怎么和你们不一样？,https://www.bilibili.com/video/av619217207/
29,117.3万观看 · 10月3日,古人到底是怎么想到用泥巴铺在布料上的？香云纱制作技艺,https://www.bilibili.com/video/av576644203/
30,162.2万观看 · 10月2日,《明日方舟》主题曲【恶兆湍流】开放 限时纪念活动宣传pv,https://www.bilibili.com/video/av406706793/
31,148.3万观看 · 9月29日,【罗翔】又是一年中秋夜，人生何处寻圆满,https://www.bilibili.com/video/av234019877/
32,73.6万观看 · 10月2日,起猛了，30个北黑共舞到底是什么情况,https://www.bilibili.com/video/av704212941/
33,47.4万观看 · 9月29日,国家队出战！百大UP主与“写诗鬼才”共创《今相思曲》，双向奔赴！,https://www.bilibili.com/video/av321510401/
34,271.2万观看 · 10月1日,一位男性在十多年来每天喝下7升汽水，这是他的肾脏发生的变化,https://www.bilibili.com/video/av234107173/
35,155.6万观看 · 10月2日,【warma】不要被可爱的外表欺骗了！【游戏杂谈/第三期】,https://www.bilibili.com/video/av449219929/
36,92.7万观看 · 9月30日,【纸嫁衣】⚡奘！铃！村！连！着！村！外！村！⚡,https://www.bilibili.com/video/av576507247/
37,418.2万观看 · 9月30日,究极难狗生存！当你开局只有「一格空间」!!？,https://www.bilibili.com/video/av746504022/
38,771.5万观看 · 9月29日,胃口不好，就吃一根面,https://www.bilibili.com/video/av831580918/
